map/wksunpaid_idw.tif
NCOLS 432
NROWS 500
XLLCORNER -74.364296
YLLCORNER 40.021223
DX 0.003062074
DY 0.0030667531
NODATA_VALUE -9999
[rows 130 to 155 of 500, columns 300 to 359 of 432]
6.3636114 6.3620971 6.3605963 6.3591089 6.3576346 6.3561735 6.3547252 6.3532897 6.3518667 6.3504562 6.349058 6.3476719 6.3462978 6.3449356 6.3435851 6.3422462 6.3409188 6.3396027 6.3382978 6.3370039 6.335721 6.3344489 6.3331876 6.3319368 6.3306965 6.3294665 6.3282468 6.3270372 6.3258376 6.3246479 6.3234681 6.3222979 6.3211373 6.3199863 6.3188446 6.3177121 6.3165889 6.3154748 6.3143697 6.3132734 6.312186 6.3111073 6.3100372 6.3089757 6.3079226 6.3068778 6.3058414 6.3048131 6.3037929 6.3027808 6.3017765 6.3007802 6.2997916 6.2988107 6.2978374 6.2968717 6.2959135 6.2949626 6.294019 6.2930827
6.3632033 6.3616872 6.3601847 6.3586956 6.3572198 6.3557571 6.3543074 6.3528705 6.3514463 6.3500345 6.3486351 6.3472479 6.3458728 6.3445095 6.3431581 6.3418183 6.34049 6.3391731 6.3378675 6.336573 6.3352894 6.3340168 6.3327549 6.3315036 6.3302628 6.3290325 6.3278124 6.3266025 6.3254026 6.3242127 6.3230327 6.3218623 6.3207016 6.3195504 6.3184087 6.3172763 6.3161531 6.315039 6.3139339 6.3128378 6.3117505 6.310672 6.3096021 6.3085408 6.307488 6.3064435 6.3054074 6.3043794 6.3033596 6.3023479 6.3013441 6.3003481 6.29936 6.2983796 6.2974069 6.2964417 6.295484 6.2945337 6.2935907 6.292655
6.3627809 6.3612631 6.3597591 6.3582685 6.3567913 6.3553273 6.3538763 6.3524382 6.3510128 6.3495999 6.3481995 6.3468113 6.3454353 6.3440712 6.342719 6.3413784 6.3400494 6.3387319 6.3374256 6.3361306 6.3348465 6.3335734 6.3323111 6.3310594 6.3298183 6.3285877 6.3273674 6.3261572 6.3249572 6.3237672 6.322587 6.3214166 6.3202559 6.3191048 6.3179631 6.3168307 6.3157076 6.3145937 6.3134888 6.3123929 6.3113059 6.3102276 6.309158 6.308097 6.3070446 6.3060005 6.3049647 6.3039372 6.3029179 6.3019066 6.3009033 6.2999079 6.2989203 6.2979405 6.2969683 6.2960037 6.2950467 6.294097 6.2931547 6.2922197
6.3623441 6.3608249 6.3593194 6.3578275 6.3563491 6.3548839 6.3534318 6.3519926 6.3505662 6.3491524 6.3477511 6.3463621 6.3449853 6.3436205 6.3422676 6.3409264 6.3395969 6.3382788 6.3369721 6.3356766 6.3343922 6.3331188 6.3318561 6.3306042 6.3293629 6.3281321 6.3269117 6.3257015 6.3245014 6.3233113 6.3221312 6.3209609 6.3198002 6.3186492 6.3175076 6.3163755 6.3152526 6.3141389 6.3130343 6.3119387 6.310852 6.3097741 6.3087049 6.3076443 6.3065923 6.3055487 6.3045134 6.3034865 6.3024676 6.3014569 6.3004542 6.2994594 6.2984725 6.2974933 6.2965218 6.2955579 6.2946015 6.2936526 6.2927111 6.2917768
6.3618928 6.3603723 6.3588656 6.3573726 6.3558931 6.3544269 6.3529738 6.3515337 6.3501065 6.3486919 6.3472899 6.3459002 6.3445228 6.3431574 6.341804 6.3404624 6.3391324 6.337814 6.3365069 6.3352111 6.3339264 6.3326528 6.33139 6.330138 6.3288966 6.3276657 6.3264452 6.3252351 6.324035 6.3228451 6.3216651 6.3204949 6.3193345 6.3181837 6.3170424 6.3159105 6.3147879 6.3136746 6.3125704 6.3114752 6.3103889 6.3093115 6.3082428 6.3071827 6.3061312 6.3050881 6.3040535 6.3030271 6.3020089 6.3009988 6.2999968 6.2990027 6.2980165 6.297038 6.2960673 6.2951041 6.2941486 6.2932004 6.2922597 6.2913263
6.3614269 6.3599053 6.3583976 6.3569037 6.3554232 6.3539562 6.3525023 6.3510615 6.3496336 6.3482184 6.3468158 6.3454256 6.3440477 6.3426819 6.3413281 6.3399861 6.3386559 6.3373372 6.3360299 6.334734 6.3334492 6.3321754 6.3309126 6.3296606 6.3284192 6.3271884 6.3259681 6.324758 6.3235582 6.3223684 6.3211887 6.3200188 6.3188586 6.3177081 6.3165672 6.3154357 6.3143136 6.3132007 6.312097 6.3110023 6.3099165 6.3088396 6.3077715 6.3067121 6.3056612 6.3046188 6.3035848 6.3025591 6.3015416 6.3005323 6.299531 6.2985377 6.2975523 6.2965746 6.2956047 6.2946424 6.2936877 6.2927405 6.2918007 6.2908682
6.3609465 6.359424 6.3579154 6.3564207 6.3549395 6.3534718 6.3520173 6.3505759 6.3491475 6.3477318 6.3463288 6.3449382 6.34356 6.3421939 6.3408399 6.3394977 6.3381673 6.3368485 6.3355412 6.3342452 6.3329604 6.3316867 6.330424 6.3291721 6.3279309 6.3267003 6.3254801 6.3242703 6.3230708 6.3218813 6.3207019 6.3195324 6.3183727 6.3172226 6.3160822 6.3149512 6.3138296 6.3127172 6.3116141 6.31052 6.3094349 6.3083586 6.3072912 6.3062324 6.3051823 6.3041406 6.3031074 6.3020825 6.3010658 6.3000573 6.2990568 6.2980644 6.2970798 6.2961031 6.2951341 6.2941728 6.293219 6.2922727 6.2913339 6.2904024
6.3604513 6.3589281 6.3574189 6.3559235 6.3544418 6.3529735 6.3515186 6.3500768 6.348648 6.3472321 6.3458288 6.344438 6.3430596 6.3416934 6.3403392 6.338997 6.3376666 6.3363478 6.3350406 6.3337447 6.3324601 6.3311865 6.329924 6.3286723 6.3274314 6.3262011 6.3249813 6.3237719 6.3225728 6.3213838 6.3202048 6.3190358 6.3178766 6.3167271 6.3155872 6.3144568 6.3133358 6.3122242 6.3111217 6.3100283 6.3089439 6.3078684 6.3068017 6.3057437 6.3046944 6.3036536 6.3026212 6.3015972 6.3005814 6.2995738 6.2985743 6.2975828 6.2965992 6.2956234 6.2946554 6.2936951 6.2927424 6.2917971 6.2908594 6.2899289
6.3599414 6.3584177 6.356908 6.3554122 6.3539301 6.3524615 6.3510063 6.3495643 6.3481353 6.3467191 6.3453157 6.3439249 6.3425464 6.3411803 6.3398262 6.3384841 6.3371538 6.3358352 6.3345281 6.3332325 6.3319481 6.3306749 6.3294127 6.3281614 6.3269209 6.325691 6.3244717 6.3232628 6.3220641 6.3208757 6.3196973 6.3185289 6.3173703 6.3162215 6.3150823 6.3139526 6.3128324 6.3117214 6.3106197 6.3095271 6.3084436 6.3073689 6.3063031 6.305246 6.3041976 6.3031577 6.3021262 6.3011032 6.3000884 6.2990818 6.2980833 6.2970928 6.2961103 6.2951356 6.2941687 6.2932094 6.2922578 6.2913137 6.2903771 6.2894478
6.3594167 6.3578926 6.3563826 6.3548866 6.3534043 6.3519355 6.3504802 6.3490381 6.3476091 6.346193 6.3447896 6.3433989 6.3420206 6.3406545 6.3393007 6.3379588 6.3366288 6.3353105 6.3340037 6.3327085 6.3314245 6.3301517 6.32889 6.3276392 6.3263992 6.3251699 6.3239511 6.3227428 6.3215448 6.3203571 6.3191794 6.3180117 6.3168538 6.3157058 6.3145674 6.3134385 6.3123191 6.311209 6.3101082 6.3090165 6.3079339 6.3068601 6.3057953 6.3047392 6.3036917 6.3026529 6.3016225 6.3006005 6.2995867 6.2985812 6.2975838 6.2965945 6.2956131 6.2946396 6.2936738 6.2927158 6.2917653 6.2908224 6.289887 6.288959
6.3588772 6.357353 6.3558429 6.3543467 6.3528644 6.3513957 6.3499404 6.3484984 6.3470695 6.3456536 6.3442504 6.3428599 6.3414819 6.3401162 6.3387626 6.3374211 6.3360915 6.3347737 6.3334674 6.3321727 6.3308892 6.329617 6.3283559 6.3271057 6.3258664 6.3246377 6.3234197 6.3222121 6.3210149 6.3198279 6.318651 6.3174841 6.3163272 6.31518 6.3140424 6.3129145 6.311796 6.3106869 6.3095871 6.3084964 6.3074148 6.3063421 6.3052783 6.3042233 6.3031769 6.3021392 6.3011099 6.300089 6.2990765 6.2980721 6.2970759 6.2960878 6.2951076 6.2941353 6.2931708 6.292214 6.2912649 6.2903233 6.2893892 6.2884624
6.3583228 6.3567986 6.3552885 6.3537925 6.3523103 6.3508418 6.3493868 6.347945 6.3465164 6.3451008 6.3436981 6.3423079 6.3409303 6.3395651 6.3382121 6.3368711 6.335542 6.3342248 6.3329191 6.331625 6.3303423 6.3290707 6.3278103 6.3265609 6.3253224 6.3240945 6.3228773 6.3216706 6.3204742 6.3192881 6.3181121 6.3169462 6.3157902 6.314644 6.3135075 6.3123806 6.3112631 6.3101551 6.3090563 6.3079668 6.3068862 6.3058147 6.3047521 6.3036982 6.3026531 6.3016165 6.3005885 6.2995689 6.2985576 6.2975545 6.2965596 6.2955727 6.2945939 6.2936229 6.2926597 6.2917043 6.2907565 6.2898162 6.2888835 6.2879582
6.3577535 6.3562295 6.3547197 6.353224 6.3517421 6.350274 6.3488193 6.347378 6.3459499 6.3445348 6.3431325 6.341743 6.3403659 6.3390013 6.3376489 6.3363086 6.3349803 6.3336637 6.3323588 6.3310655 6.3297836 6.3285129 6.3272533 6.3260048 6.3247671 6.3235402 6.3223239 6.3211182 6.3199228 6.3187377 6.3175628 6.3163979 6.315243 6.3140979 6.3129625 6.3118367 6.3107204 6.3096135 6.308516 6.3074276 6.3063483 6.305278 6.3042166 6.3031641 6.3021202 6.3010849 6.3000582 6.2990399 6.29803 6.2970282 6.2960347 6.2950492 6.2940718 6.2931022 6.2921404 6.2911864 6.2902401 6.2893013 6.28837 6.2874462
6.3571692 6.3556456 6.3541363 6.352641 6.3511597 6.349692 6.348238 6.3467973 6.3453698 6.3439553 6.3425538 6.3411649 6.3397886 6.3384248 6.3370732 6.3357337 6.3344062 6.3330905 6.3317865 6.3304941 6.3292131 6.3279434 6.3266848 6.3254373 6.3242006 6.3229748 6.3217596 6.3205549 6.3193606 6.3181767 6.3170029 6.3158392 6.3146855 6.3135415 6.3124074 6.3112828 6.3101678 6.3090622 6.3079659 6.3068789 6.3058009 6.304732 6.3036719 6.3026207 6.3015782 6.3005444 6.2995191 6.2985022 6.2974937 6.2964934 6.2955013 6.2945173 6.2935413 6.2925733 6.291613 6.2906605 6.2897157 6.2887784 6.2878487 6.2869264
6.3565699 6.3550469 6.3535382 6.3520436 6.350563 6.3490961 6.3476427 6.3462028 6.3447761 6.3433625 6.3419618 6.3405738 6.3391984 6.3378355 6.3364848 6.3351463 6.3338198 6.3325051 6.3312022 6.3299108 6.3286308 6.3273622 6.3261048 6.3248584 6.3236229 6.3223982 6.3211842 6.3199807 6.3187877 6.317605 6.3164325 6.3152701 6.3141176 6.312975 6.3118422 6.310719 6.3096053 6.3085011 6.3074062 6.3063206 6.3052441 6.3041765 6.303118 6.3020682 6.3010272 6.2999949 6.298971 6.2979557 6.2969487 6.29595 6.2949594 6.293977 6.2930026 6.2920361 6.2910774 6.2901265 6.2891833 6.2882477 6.2873196 6.2863989
6.3559555 6.3544334 6.3529255 6.3514318 6.349952 6.348486 6.3470336 6.3455946 6.3441689 6.3427562 6.3413565 6.3399696 6.3385952 6.3372334 6.3358838 6.3345464 6.333221 6.3319075 6.3306057 6.3293155 6.3280368 6.3267694 6.3255132 6.3242681 6.3230338 6.3218105 6.3205978 6.3193956 6.318204 6.3170226 6.3158515 6.3146905 6.3135394 6.3123983 6.3112669 6.3101451 6.309033 6.3079302 6.3068369 6.3057527 6.3046777 6.3036117 6.3025547 6.3015065 6.3004671 6.2994363 6.2984141 6.2974004 6.296395 6.2953979 6.294409 6.2934282 6.2924554 6.2914906 6.2905336 6.2895844 6.2886429 6.287709 6.2867825 6.2858636
6.3553262 6.353805 6.3522981 6.3508054 6.3493267 6.3478618 6.3464105 6.3449726 6.343548 6.3421365 6.340738 6.3393522 6.3379791 6.3366185 6.3352701 6.333934 6.3326099 6.3312976 6.3299972 6.3287083 6.3274309 6.3261649 6.3249101 6.3236663 6.3224335 6.3212115 6.3200003 6.3187996 6.3176094 6.3164296 6.3152599 6.3141004 6.3129509 6.3118113 6.3106814 6.3095613 6.3084507 6.3073495 6.3062578 6.3051752 6.3041019 6.3030375 6.3019822 6.3009356 6.2998979 6.2988688 6.2978483 6.2968362 6.2958325 6.2948372 6.29385 6.292871 6.2918999 6.2909369 6.2899816 6.2890342 6.2880944 6.2871623 6.2862377 6.2853205
6.3546817 6.3531617 6.3516561 6.3501646 6.3486871 6.3472235 6.3457734 6.3443368 6.3429135 6.3415034 6.3401062 6.3387217 6.33735 6.3359907 6.3346438 6.333309 6.3319863 6.3306755 6.3293765 6.3280891 6.3268132 6.3255487 6.3242953 6.3230531 6.3218219 6.3206014 6.3193917 6.3181926 6.317004 6.3158258 6.3146578 6.3134999 6.312352 6.311214 6.3100859 6.3089674 6.3078585 6.306759 6.3056689 6.3045881 6.3035165 6.3024539 6.3014003 6.3003555 6.2993195 6.2982922 6.2972735 6.2962632 6.2952614 6.2942678 6.2932825 6.2923053 6.2913361 6.2903748 6.2894215 6.2884759 6.287538 6.2866077 6.2856849 6.2847696
6.3540222 6.3525036 6.3509993 6.3495093 6.3480332 6.346571 6.3451224 6.3436873 6.3422654 6.3408567 6.339461 6.3380781 6.3367078 6.3353501 6.3340047 6.3326715 6.3313504 6.3300412 6.3287437 6.3274579 6.3261836 6.3249207 6.323669 6.3224285 6.3211989 6.3199801 6.3187721 6.3175747 6.3163878 6.3152113 6.314045 6.3128888 6.3117427 6.3106065 6.3094801 6.3083634 6.3072563 6.3061587 6.3050704 6.3039914 6.3029216 6.3018609 6.3008091 6.2997662 6.2987321 6.2977066 6.2966898 6.2956814 6.2946815 6.2936898 6.2927064 6.2917311 6.2907638 6.2898045 6.2888531 6.2879094 6.2869735 6.2860451 6.2851243 6.284211
6.3533476 6.3518305 6.3503279 6.3488394 6.347365 6.3459043 6.3444573 6.3430238 6.3416036 6.3401966 6.3388025 6.3374213 6.3360527 6.3346966 6.3333529 6.3320214 6.330702 6.3293945 6.3280988 6.3268147 6.3255422 6.324281 6.3230311 6.3217923 6.3205645 6.3193476 6.3181414 6.3169458 6.3157607 6.314586 6.3134216 6.3122673 6.311123 6.3099887 6.3088642 6.3077494 6.3066442 6.3055484 6.3044621 6.303385 6.3023172 6.3012584 6.3002086 6.2991676 6.2981355 6.297112 6.2960971 6.2950907 6.2940928 6.2931031 6.2921217 6.2911484 6.2901831 6.2892258 6.2882764 6.2873348 6.2864009 6.2854746 6.2845558 6.2836445
6.3526579 6.3511426 6.3496417 6.348155 6.3466824 6.3452235 6.3437783 6.3423466 6.3409282 6.339523 6.3381307 6.3367513 6.3353845 6.3340303 6.3326884 6.3313588 6.3300412 6.3287356 6.3274417 6.3261595 6.3248889 6.3236296 6.3223816 6.3211447 6.3199188 6.3187038 6.3174995 6.3163059 6.3151227 6.31395 6.3127875 6.3116352 6.3104929 6.3093606 6.3082381 6.3071253 6.3060221 6.3049284 6.3038441 6.302769 6.3017032 6.3006464 6.2995987 6.2985598 6.2975297 6.2965083 6.2954955 6.2944912 6.2934953 6.2925077 6.2915284 6.2905572 6.2895941 6.2886389 6.2876916 6.2867521 6.2858203 6.2848961 6.2839794 6.2830703
6.351953 6.3504398 6.3489408 6.3474561 6.3459854 6.3445285 6.3430853 6.3416555 6.3402391 6.3388358 6.3374456 6.3360681 6.3347033 6.3333511 6.3320112 6.3306835 6.329368 6.3280643 6.3267725 6.3254923 6.3242237 6.3229664 6.3217204 6.3204856 6.3192617 6.3180488 6.3168465 6.315655 6.3144739 6.3133032 6.3121428 6.3109926 6.3098524 6.3087222 6.3076018 6.3064911 6.30539 6.3042984 6.3032163 6.3021434 6.3010797 6.3000251 6.2989794 6.2979427 6.2969148 6.2958956 6.2948849 6.2938828 6.2928891 6.2919037 6.2909266 6.2899575 6.2889966 6.2880436 6.2870985 6.2861612 6.2852316 6.2843096 6.2833952 6.2824882
6.3512331 6.349722 6.3482252 6.3467427 6.3452741 6.3438194 6.3423783 6.3409506 6.3395364 6.3381352 6.3367471 6.3353717 6.3340091 6.332659 6.3313212 6.3299957 6.3286823 6.3273808 6.3260911 6.3248131 6.3235466 6.3222915 6.3210476 6.319815 6.3185933 6.3173825 6.3161824 6.3149931 6.3138142 6.3126457 6.3114875 6.3103395 6.3092015 6.3080735 6.3069553 6.3058468 6.304748 6.3036586 6.3025787 6.301508 6.3004466 6.2993942 6.2983508 6.2973164 6.2962907 6.2952737 6.2942654 6.2932655 6.2922741 6.291291 6.2903161 6.2893494 6.2883907 6.28744 6.2864972 6.2855621 6.2846348 6.2837151 6.282803 6.2818983
6.3504982 6.3489894 6.3474949 6.3460147 6.3445484 6.343096 6.3416572 6.3402319 6.3388199 6.3374211 6.3360352 6.3346622 6.3333018 6.331954 6.3306185 6.3292953 6.3279841 6.3266849 6.3253975 6.3241218 6.3228576 6.3216048 6.3203632 6.3191328 6.3179134 6.3167049 6.3155072 6.3143201 6.3131436 6.3119774 6.3108215 6.3096758 6.3085402 6.3074145 6.3062986 6.3051925 6.3040959 6.3030089 6.3019313 6.300863 6.2998039 6.2987539 6.2977129 6.2966808 6.2956575 6.2946429 6.2936369 6.2926394 6.2916503 6.2906695 6.289697 6.2887327 6.2877764 6.286828 6.2858876 6.2849549 6.28403 6.2831127 6.2822029 6.2813006
6.3497481 6.3482419 6.34675 6.3452722 6.3438085 6.3423585 6.3409222 6.3394994 6.3380898 6.3366934 6.33531 6.3339394 6.3325815 6.3312361 6.3299031 6.3285823 6.3272735 6.3259767 6.3246918 6.3234184 6.3221567 6.3209063 6.3196672 6.3184392 6.3172222 6.3160161 6.3148208 6.3136362 6.312462 6.3112983 6.3101448 6.3090016 6.3078684 6.3067451 6.3056317 6.304528 6.3034339 6.3023493 6.3012742 6.3002083 6.2991517 6.2981041 6.2970656 6.2960359 6.295015 6.2940029 6.2929993 6.2920043 6.2910177 6.2900394 6.2890694 6.2881075 6.2871536 6.2862078 6.2852698 6.2843396 6.2834171 6.2825022 6.2815949 6.280695
6.348983 6.3474795 6.3459903 6.3445152 6.3430542 6.3416069 6.3401732 6.338753 6.3373461 6.3359523 6.3345715 6.3332035 6.3318482 6.3305053 6.3291749 6.3278566 6.3265505 6.3252563 6.3239738 6.3227031 6.3214438 6.320196 6.3189594 6.317734 6.3165196 6.3153161 6.3141233 6.3129412 6.3117696 6.3106084 6.3094575 6.3083168 6.3071861 6.3060654 6.3049545 6.3038534 6.3027619 6.3016799 6.3006072 6.2995439 6.2984899 6.2974449 6.2964088 6.2953817 6.2943634 6.2933539 6.2923529 6.2913604 6.2903763 6.2894006 6.2884331 6.2874738 6.2865225 6.2855792 6.2846437 6.2837161 6.2827961 6.2818838 6.280979 6.2800817
