map/wksunpaid_idw.tif
NCOLS 432
NROWS 500
XLLCORNER -74.364296
YLLCORNER 40.021223
DX 0.003062074
DY 0.0030667531
NODATA_VALUE -9999
[rows 26 to 51 of 500, columns 240 to 299 of 432]
6.4055454 6.4046425 6.4037373 6.4028298 6.4019201 6.4010085 6.4000951 6.3991799 6.398263 6.3973447 6.396425 6.395504 6.3945819 6.3936587 6.3927345 6.3918095 6.3908838 6.3899575 6.3890306 6.3881033 6.3871756 6.3862478 6.3853197 6.3843916 6.3834636 6.3825356 6.3816079 6.3806805 6.3797534 6.3788267 6.3779006 6.3769751 6.3760503 6.3751262 6.374203 6.3732806 6.3723592 6.3714388 6.3705196 6.3696014 6.3686845 6.3677689 6.3668546 6.3659417 6.3650302 6.3641203 6.3632119 6.3623051 6.3614 6.3604966 6.3595949 6.3586951 6.3577971 6.356901 6.3560068 6.3551146 6.3542244 6.3533362 6.3524502 6.3515663
6.4065051 6.4055914 6.4046754 6.4037572 6.402837 6.4019148 6.4009908 6.4000652 6.399138 6.3982093 6.3972793 6.3963481 6.3954158 6.3944826 6.3935484 6.3926135 6.3916779 6.3907417 6.3898051 6.3888681 6.3879309 6.3869935 6.386056 6.3851185 6.3841812 6.383244 6.3823071 6.3813705 6.3804344 6.3794989 6.3785639 6.3776296 6.376696 6.3757633 6.3748315 6.3739006 6.3729708 6.3720421 6.3711145 6.3701882 6.3692632 6.3683395 6.3674172 6.3664964 6.3655772 6.3646595 6.3637434 6.362829 6.3619164 6.3610055 6.3600965 6.3591893 6.358284 6.3573808 6.3564795 6.3555803 6.3546831 6.3537881 6.3528952 6.3520046
6.4074669 6.4065423 6.4056154 6.4046864 6.4037554 6.4028225 6.4018879 6.4009517 6.400014 6.3990748 6.3981345 6.397193 6.3962504 6.395307 6.3943627 6.3934177 6.3924722 6.3915261 6.3905797 6.3896329 6.388686 6.387739 6.3867919 6.385845 6.3848982 6.3839517 6.3830056 6.3820599 6.3811147 6.3801701 6.3792261 6.378283 6.3773406 6.3763992 6.3754587 6.3745193 6.373581 6.3726439 6.371708 6.3707734 6.3698402 6.3689084 6.3679781 6.3670493 6.3661222 6.3651967 6.3642729 6.3633509 6.3624306 6.3615123 6.3605958 6.3596813 6.3587688 6.3578583 6.3569499 6.3560436 6.3551394 6.3542375 6.3533378 6.3524404
6.4084307 6.407495 6.4065571 6.4056172 6.4046753 6.4037316 6.4027863 6.4018393 6.400891 6.3999413 6.3989904 6.3980385 6.3970856 6.3961318 6.3951773 6.3942222 6.3932666 6.3923105 6.3913541 6.3903975 6.3894408 6.3884841 6.3875274 6.3865709 6.3856147 6.3846588 6.3837033 6.3827483 6.3817939 6.3808402 6.3798873 6.3789352 6.377984 6.3770338 6.3760846 6.3751365 6.3741897 6.3732441 6.3722998 6.3713569 6.3704154 6.3694755 6.3685371 6.3676003 6.3666653 6.3657319 6.3648003 6.3638706 6.3629428 6.3620168 6.3610929 6.360171 6.3592511 6.3583334 6.3574178 6.3565044 6.3555933 6.3546844 6.3537778 6.3528736
6.4093964 6.4084496 6.4075006 6.4065496 6.4055967 6.404642 6.4036858 6.402728 6.4017689 6.4008086 6.3998471 6.3988846 6.3979212 6.3969571 6.3959923 6.3950269 6.3940611 6.3930949 6.3921285 6.3911619 6.3901953 6.3892288 6.3882624 6.3872963 6.3863304 6.385365 6.3844001 6.3834358 6.3824722 6.3815093 6.3805473 6.3795862 6.378626 6.377667 6.376709 6.3757523 6.3747968 6.3738426 6.3728899 6.3719386 6.3709889 6.3700407 6.3690942 6.3681494 6.3672063 6.366265 6.3653256 6.3643882 6.3634526 6.3625191 6.3615877 6.3606583 6.3597311 6.3588061 6.3578833 6.3569628 6.3560446 6.3551287 6.3542152 6.3533041
6.4103641 6.4094059 6.4084456 6.4074834 6.4065194 6.4055537 6.4045864 6.4036177 6.4026477 6.4016766 6.4007044 6.3997312 6.3987573 6.3977826 6.3968074 6.3958316 6.3948555 6.3938792 6.3929026 6.391926 6.3909494 6.389973 6.3889968 6.3880209 6.3870454 6.3860705 6.3850961 6.3841224 6.3831494 6.3821773 6.3812061 6.3802359 6.3792667 6.3782987 6.3773319 6.3763664 6.3754022 6.3744395 6.3734782 6.3725185 6.3715604 6.370604 6.3696492 6.3686963 6.3677452 6.366796 6.3658487 6.3649034 6.3639602 6.3630191 6.36208 6.3611432 6.3602086 6.3592762 6.3583462 6.3574185 6.3564932 6.3555703 6.3546499 6.3537319
6.4113335 6.4103639 6.4093922 6.4084187 6.4074434 6.4064665 6.4054881 6.4045083 6.4035274 6.4025453 6.4015622 6.4005783 6.3995937 6.3986084 6.3976226 6.3966364 6.3956499 6.3946632 6.3936764 6.3926897 6.3917031 6.3907166 6.3897305 6.3887448 6.3877596 6.386775 6.385791 6.3848078 6.3838254 6.3828439 6.3818635 6.3808841 6.3799059 6.3789289 6.3779532 6.3769788 6.3760059 6.3750345 6.3740647 6.3730965 6.3721299 6.3711652 6.3702022 6.3692411 6.3682819 6.3673247 6.3663695 6.3654164 6.3644654 6.3635165 6.3625699 6.3616256 6.3606835 6.3597438 6.3588065 6.3578716 6.3569391 6.3560092 6.3550818 6.3541569
6.4123048 6.4113235 6.4103403 6.4093553 6.4083686 6.4073804 6.4063907 6.4053998 6.4044077 6.4034146 6.4024206 6.4014258 6.4004303 6.3994343 6.3984378 6.3974411 6.3964441 6.395447 6.3944499 6.3934529 6.3924561 6.3914596 6.3904635 6.3894678 6.3884728 6.3874784 6.3864848 6.385492 6.3845001 6.3835093 6.3825195 6.3815309 6.3805435 6.3795574 6.3785728 6.3775895 6.3766078 6.3756277 6.3746492 6.3736724 6.3726974 6.3717242 6.370753 6.3697836 6.3688163 6.3678511 6.3668879 6.3659269 6.3649681 6.3640115 6.3630572 6.3621053 6.3611558 6.3602087 6.359264 6.3583219 6.3573822 6.3564452 6.3555108 6.354579
6.4132777 6.4122847 6.4112898 6.4102932 6.409295 6.4082953 6.4072942 6.406292 6.4052887 6.4042844 6.4032793 6.4022735 6.4012671 6.4002603 6.3992531 6.3982456 6.397238 6.3962304 6.3952229 6.3942155 6.3932085 6.3922018 6.3911956 6.39019 6.389185 6.3881808 6.3871774 6.386175 6.3851735 6.3841732 6.383174 6.3821761 6.3811795 6.3801843 6.3791905 6.3781983 6.3772077 6.3762188 6.3752316 6.3742462 6.3732627 6.3722811 6.3713015 6.3703239 6.3693484 6.368375 6.3674038 6.3664349 6.3654682 6.3645039 6.3635419 6.3625824 6.3616253 6.3606708 6.3597187 6.3587693 6.3578225 6.3568783 6.3559369 6.3549981
6.4142523 6.4132474 6.4122407 6.4112323 6.4102224 6.4092111 6.4081986 6.4071849 6.4061702 6.4051547 6.4041384 6.4031214 6.402104 6.4010862 6.4000681 6.3990499 6.3980316 6.3970134 6.3959953 6.3949775 6.3939601 6.3929432 6.3919268 6.390911 6.3898961 6.3888819 6.3878687 6.3868566 6.3858455 6.3848356 6.3838269 6.3828196 6.3818137 6.3808093 6.3798064 6.3788052 6.3778057 6.3768079 6.375812 6.3748179 6.3738258 6.3728357 6.3718476 6.3708617 6.3698779 6.3688964 6.3679172 6.3669402 6.3659657 6.3649935 6.3640238 6.3630567 6.362092 6.36113 6.3601706 6.3592138 6.3582598 6.3573085 6.3563599 6.3554142
6.4152284 6.4142115 6.4131928 6.4121726 6.4111509 6.4101278 6.4091036 6.4080784 6.4070522 6.4060253 6.4049976 6.4039695 6.4029409 6.401912 6.400883 6.3998538 6.3988247 6.3977958 6.3967671 6.3957388 6.3947109 6.3936836 6.3926569 6.391631 6.3906059 6.3895818 6.3885587 6.3875367 6.3865159 6.3854963 6.3844781 6.3834614 6.3824461 6.3814324 6.3804204 6.3794101 6.3784015 6.3773948 6.3763901 6.3753873 6.3743865 6.3733878 6.3723913 6.371397 6.370405 6.3694152 6.3684279 6.3674429 6.3664604 6.3654804 6.364503 6.3635281 6.3625559 6.3615863 6.3606195 6.3596554 6.358694 6.3577355 6.3567799 6.3558271
6.416206 6.4151769 6.4141461 6.4131139 6.4120802 6.4110453 6.4100094 6.4089724 6.4079346 6.4068961 6.4058571 6.4048176 6.4037777 6.4027377 6.4016975 6.4006574 6.3996173 6.3985776 6.3975382 6.3964992 6.3954608 6.394423 6.393386 6.3923498 6.3913145 6.3902803 6.3892472 6.3882153 6.3871847 6.3861554 6.3851276 6.3841013 6.3830766 6.3820535 6.3810322 6.3800128 6.3789952 6.3779795 6.3769658 6.3759543 6.3749448 6.3739375 6.3729325 6.3719298 6.3709294 6.3699314 6.3689358 6.3679428 6.3669523 6.3659644 6.3649792 6.3639966 6.3630167 6.3620396 6.3610653 6.3600938 6.3591252 6.3581595 6.3571967 6.3562368
6.4171849 6.4161435 6.4151006 6.4140561 6.4130104 6.4119635 6.4109156 6.4098669 6.4088173 6.4077672 6.4067166 6.4056656 6.4046143 6.403563 6.4025116 6.4014604 6.4004093 6.3993586 6.3983084 6.3972587 6.3962096 6.3951613 6.3941138 6.3930672 6.3920217 6.3909773 6.3899341 6.3888922 6.3878517 6.3868127 6.3857751 6.3847392 6.383705 6.3826726 6.381642 6.3806133 6.3795865 6.3785618 6.3775392 6.3765188 6.3755006 6.3744846 6.373471 6.3724598 6.371451 6.3704447 6.369441 6.3684398 6.3674413 6.3664455 6.3654524 6.364462 6.3634745 6.3624898 6.361508 6.3605291 6.3595531 6.3585801 6.3576102 6.3566433
6.4181652 6.4171114 6.416056 6.4149993 6.4139413 6.4128823 6.4118224 6.4107617 6.4097003 6.4086383 6.407576 6.4065134 6.4054507 6.4043879 6.4033252 6.4022628 6.4012006 6.4001389 6.3990777 6.3980171 6.3969573 6.3958983 6.3948403 6.3937833 6.3927274 6.3916727 6.3906194 6.3895674 6.3885169 6.387468 6.3864207 6.3853751 6.3843313 6.3832894 6.3822494 6.3812114 6.3801755 6.3791417 6.3781101 6.3770807 6.3760537 6.375029 6.3740068 6.3729871 6.3719699 6.3709552 6.3699432 6.3689339 6.3679273 6.3669235 6.3659225 6.3649243 6.3639291 6.3629368 6.3619474 6.360961 6.3599777 6.3589975 6.3580203 6.3570463
6.4191468 6.4180803 6.4170124 6.4159432 6.4148729 6.4138016 6.4127295 6.4116567 6.4105833 6.4095095 6.4084353 6.407361 6.4062867 6.4052124 6.4041383 6.4030645 6.4019911 6.4009182 6.3998459 6.3987744 6.3977038 6.3966341 6.3955654 6.3944978 6.3934315 6.3923665 6.3913029 6.3902408 6.3891802 6.3881214 6.3870642 6.3860089 6.3849555 6.383904 6.3828545 6.3818072 6.380762 6.379719 6.3786783 6.37764 6.3766041 6.3755707 6.3745398 6.3735115 6.3724858 6.3714627 6.3704424 6.3694249 6.3684102 6.3673984 6.3663894 6.3653834 6.3643804 6.3633804 6.3623835 6.3613897 6.360399 6.3594114 6.358427 6.3574459
6.4201294 6.4190502 6.4179696 6.4168878 6.415805 6.4147214 6.4136369 6.4125519 6.4114664 6.4103805 6.4092944 6.4082083 6.4071222 6.4060362 6.4049506 6.4038653 6.4027806 6.4016965 6.4006131 6.3995305 6.3984489 6.3973684 6.3962889 6.3952108 6.3941339 6.3930585 6.3919845 6.3909122 6.3898415 6.3887726 6.3877055 6.3866404 6.3855772 6.3845161 6.3834572 6.3824004 6.3813459 6.3802937 6.3792439 6.3781966 6.3771517 6.3761095 6.3750698 6.3740329 6.3729986 6.3719672 6.3709385 6.3699128 6.3688899 6.36787 6.3668531 6.3658392 6.3648284 6.3638208 6.3628162 6.3618149 6.3608167 6.3598218 6.3588302 6.3578419
6.4211132 6.420021 6.4189276 6.4178331 6.4167376 6.4156414 6.4145445 6.4134471 6.4123493 6.4112513 6.4101532 6.4090551 6.4079571 6.4068594 6.4057621 6.4046653 6.4035691 6.4024736 6.401379 6.4002853 6.3991926 6.3981011 6.3970109 6.395922 6.3948345 6.3937485 6.3926642 6.3915815 6.3905007 6.3894217 6.3883446 6.3872695 6.3861966 6.3851258 6.3840572 6.382991 6.3819271 6.3808656 6.3798067 6.3787502 6.3776964 6.3766453 6.3755969 6.3745512 6.3735084 6.3724685 6.3714314 6.3703974 6.3693663 6.3683383 6.3673134 6.3662916 6.365273 6.3642576 6.3632454 6.3622365 6.3612309 6.3602287 6.3592298 6.3582343
6.4220978 6.4209926 6.4198862 6.4187788 6.4176706 6.4165617 6.4154522 6.4143423 6.4132322 6.4121218 6.4110115 6.4099013 6.4087914 6.4076818 6.4065727 6.4054642 6.4043565 6.4032495 6.4021435 6.4010386 6.3999348 6.3988323 6.3977311 6.3966314 6.3955332 6.3944366 6.3933418 6.3922487 6.3911576 6.3900684 6.3889812 6.3878962 6.3868134 6.3857329 6.3846546 6.3835788 6.3825055 6.3814347 6.3803665 6.379301 6.3782381 6.377178 6.3761208 6.3750664 6.374015 6.3729665 6.371921 6.3708786 6.3698393 6.3688032 6.3677702 6.3667405 6.365714 6.3646909 6.363671 6.3626546 6.3616415 6.3606318 6.3596256 6.3586229
6.4230834 6.4219649 6.4208454 6.419725 6.4186038 6.4174821 6.4163599 6.4152374 6.4141147 6.4129919 6.4118693 6.4107469 6.4096249 6.4085033 6.4073823 6.406262 6.4051426 6.4040241 6.4029067 6.4017904 6.4006753 6.3995617 6.3984495 6.3973388 6.3962298 6.3951226 6.3940172 6.3929136 6.3918121 6.3907127 6.3896154 6.3885203 6.3874276 6.3863372 6.3852493 6.3841639 6.383081 6.3820008 6.3809233 6.3798486 6.3787767 6.3777076 6.3766415 6.3755783 6.3745182 6.3734612 6.3724072 6.3713564 6.3703089 6.3692646 6.3682235 6.3671858 6.3661514 6.3651205 6.3640929 6.3630689 6.3620483 6.3610312 6.3600177 6.3590077
6.4240697 6.4229378 6.4218051 6.4206715 6.4195372 6.4184025 6.4172674 6.4161321 6.4149968 6.4138615 6.4127264 6.4115917 6.4104574 6.4093237 6.4081908 6.4070586 6.4059274 6.4047972 6.4036682 6.4025405 6.4014141 6.4002892 6.3991659 6.3980443 6.3969244 6.3958063 6.3946902 6.3935762 6.3924642 6.3913544 6.3902469 6.3891418 6.388039 6.3869387 6.385841 6.3847459 6.3836535 6.3825639 6.381477 6.380393 6.379312 6.3782339 6.3771588 6.3760869 6.375018 6.3739524 6.3728899 6.3718307 6.3707748 6.3697223 6.3686731 6.3676274 6.3665851 6.3655463 6.3645111 6.3634793 6.3624512 6.3614267 6.3604058 6.3593886
6.4250566 6.4239113 6.422765 6.4216181 6.4204707 6.4193228 6.4181747 6.4170266 6.4158784 6.4147305 6.4135828 6.4124356 6.411289 6.4101431 6.408998 6.4078538 6.4067107 6.4055687 6.4044281 6.4032888 6.402151 6.4010148 6.3998803 6.3987475 6.3976167 6.3964878 6.3953609 6.3942362 6.3931137 6.3919936 6.3908757 6.3897604 6.3886476 6.3875374 6.3864298 6.385325 6.3842229 6.3831238 6.3820275 6.3809342 6.379844 6.3787568 6.3776728 6.3765919 6.3755143 6.37444 6.373369 6.3723013 6.3712371 6.3701763 6.369119 6.3680652 6.367015 6.3659683 6.3649253 6.3638859 6.3628502 6.3618182 6.36079 6.3597655
6.4260442 6.4248851 6.4237253 6.4225649 6.4214041 6.4202429 6.4190817 6.4179205 6.4167594 6.4155986 6.4144383 6.4132785 6.4121194 6.4109611 6.4098038 6.4086475 6.4074924 6.4063386 6.4051861 6.4040352 6.4028859 6.4017382 6.4005924 6.3994485 6.3983066 6.3971667 6.3960291 6.3948936 6.3937606 6.3926299 6.3915017 6.3903761 6.3892532 6.3881329 6.3870154 6.3859008 6.3847891 6.3836803 6.3825746 6.381472 6.3803725 6.3792762 6.3781831 6.3770934 6.3760069 6.3749239 6.3738443 6.3727682 6.3716955 6.3706265 6.369561 6.3684991 6.3674409 6.3663863 6.3653355 6.3642885 6.3632452 6.3622057 6.36117 6.3601382
6.4270321 6.4258592 6.4246856 6.4235116 6.4223373 6.4211627 6.4199882 6.4188138 6.4176397 6.416466 6.4152928 6.4141203 6.4129486 6.4117779 6.4106082 6.4094396 6.4082724 6.4071066 6.4059423 6.4047796 6.4036186 6.4024595 6.4013023 6.4001471 6.398994 6.3978431 6.3966945 6.3955483 6.3944046 6.3932633 6.3921247 6.3909888 6.3898556 6.3887253 6.3875979 6.3864734 6.3853519 6.3842335 6.3831183 6.3820063 6.3808975 6.379792 6.3786899 6.3775911 6.3764958 6.3754041 6.3743158 6.3732311 6.3721501 6.3710727 6.369999 6.368929 6.3678628 6.3668003 6.3657417 6.3646869 6.363636 6.362589 6.3615459 6.3605068
6.4280204 6.4268335 6.425646 6.4244582 6.4232702 6.4220821 6.4208941 6.4197064 6.4185191 6.4173323 6.4161462 6.4149608 6.4137764 6.4125931 6.4114109 6.4102301 6.4090506 6.4078727 6.4066964 6.4055218 6.4043491 6.4031784 6.4020097 6.4008431 6.3996788 6.3985168 6.3973572 6.3962002 6.3950456 6.3938938 6.3927447 6.3915983 6.3904549 6.3893144 6.3881769 6.3870425 6.3859113 6.3847832 6.3836584 6.3825369 6.3814188 6.380304 6.3791928 6.3780851 6.3769809 6.3758803 6.3747834 6.3736902 6.3726006 6.3715149 6.3704329 6.3693548 6.3682805 6.3672101 6.3661437 6.3650812 6.3640226 6.3629681 6.3619175 6.3608711
6.4290089 6.4278078 6.4266063 6.4254045 6.4242027 6.4230009 6.4217994 6.4205982 6.4193975 6.4181975 6.4169983 6.4158 6.4146028 6.4134067 6.4122119 6.4110186 6.4098268 6.4086367 6.4074483 6.4062618 6.4050773 6.4038948 6.4027146 6.4015366 6.4003609 6.3991877 6.398017 6.396849 6.3956837 6.3945211 6.3933614 6.3922046 6.3910508 6.3899001 6.3887525 6.3876082 6.386467 6.3853292 6.3841948 6.3830638 6.3819363 6.3808123 6.3796919 6.3785751 6.377462 6.3763526 6.3752469 6.3741451 6.3730471 6.3719529 6.3708627 6.3697764 6.368694 6.3676157 6.3665413 6.3654711 6.3644049 6.3633428 6.3622848 6.3612309
6.4299975 6.428782 6.4275663 6.4263504 6.4251346 6.423919 6.4227037 6.421489 6.4202748 6.4190615 6.417849 6.4166376 6.4154274 6.4142186 6.4130111 6.4118052 6.410601 6.4093985 6.4081979 6.4069994 6.4058029 6.4046087 6.4034167 6.4022272 6.4010401 6.3998556 6.3986738 6.3974947 6.3963185 6.3951451 6.3939748 6.3928075 6.3916433 6.3904823 6.3893246 6.3881701 6.3870191 6.3858715 6.3847274 6.3835868 6.3824498 6.3813165 6.3801869 6.379061 6.377939 6.3768207 6.3757063 6.3745958 6.3734893 6.3723867 6.3712881 6.3701936 6.3691032 6.3680168 6.3669346 6.3658566 6.3647827 6.363713 6.3626475 6.3615863
