map/wksunpaid_idw.tif
NCOLS 432
NROWS 500
XLLCORNER -74.364296
YLLCORNER 40.021223
DX 0.003062074
DY 0.0030667531
NODATA_VALUE -9999
[rows 260 to 285 of 500, columns 240 to 299 of 432]
6.3657297 6.3531933 6.3416384 6.3309752 6.3211237 6.3120126 6.3035776 6.2957613 6.2885118 6.2817823 6.2755305 6.269718 6.2643099 6.2592746 6.2545832 6.2502094 6.246129 6.2423202 6.2387626 6.2354379 6.232329 6.2294204 6.2266978 6.2241478 6.2217583 6.2195182 6.2174169 6.215445 6.2135935 6.2118542 6.2102196 6.2086826 6.2072367 6.2058758 6.2045943 6.2033869 6.2022488 6.2011754 6.2001626 6.1992064 6.1983032 6.1974496 6.1966423 6.1958784 6.1951553 6.1944702 6.1938207 6.1932047 6.1926199 6.1920645 6.1915366 6.1910344 6.1905564 6.190101 6.1896668 6.1892525 6.1888568 6.1884786 6.1881168 6.1877703
6.3575959 6.3452551 6.3338902 6.3234116 6.3137398 6.3048034 6.2965386 6.2888878 6.2817994 6.2752266 6.2691271 6.2634627 6.2581986 6.2533032 6.2487477 6.2445058 6.2405536 6.2368691 6.2334323 6.2302248 6.2272297 6.2244314 6.2218159 6.2193698 6.2170811 6.2149388 6.2129324 6.2110526 6.2092904 6.2076379 6.2060875 6.2046322 6.2032656 6.2019817 6.2007749 6.1996401 6.1985725 6.1975676 6.1966213 6.1957298 6.1948894 6.1940968 6.1933489 6.1926428 6.1919758 6.1913453 6.190749 6.1901847 6.1896503 6.1891438 6.1886636 6.1882079 6.1877751 6.1873638 6.1869726 6.1866001 6.1862453 6.1859069 6.1855839 6.1852753
6.3485917 6.3365195 6.3254103 6.3151759 6.3057376 6.2970249 6.2889746 6.2815299 6.2746394 6.268257 6.2623407 6.2568527 6.2517584 6.2470266 6.2426288 6.238539 6.2347335 6.2311904 6.2278901 6.2248143 6.2219464 6.2192709 6.2167739 6.2144424 6.2122644 6.210229 6.208326 6.2065462 6.2048807 6.2033217 6.2018618 6.2004941 6.1992123 6.1980105 6.1968832 6.1958254 6.1948325 6.1939 6.1930239 6.1922004 6.191426 6.1906975 6.1900117 6.1893659 6.1887575 6.1881839 6.1876429 6.1871322 6.18665 6.1861944 6.1857635 6.1853558 6.1849697 6.1846038 6.1842569 6.1839275 6.1836146 6.1833171 6.1830339 6.1827641
6.3387229 6.3269915 6.3162035 6.3062724 6.2971212 6.2886809 6.2808895 6.2736911 6.2670355 6.2608771 6.2551748 6.2498913 6.2449927 6.2404483 6.23623 6.2323123 6.2286718 6.2252873 6.2221391 6.2192095 6.216482 6.2139417 6.2115747 6.2093683 6.2073107 6.2053914 6.2036002 6.2019281 6.2003666 6.1989079 6.1975448 6.1962705 6.1950789 6.1939642 6.1929212 6.1919449 6.1910307 6.1901743 6.189372 6.1886198 6.1879146 6.187253 6.1866321 6.1860492 6.1855017 6.1849872 6.1845035 6.1840486 6.1836204 6.1832172 6.1828373 6.1824791 6.1821412 6.1818221 6.1815206 6.1812355 6.1809657 6.1807101 6.1804677 6.1802376
6.3280016 6.3166822 6.3062796 6.2967101 6.287899 6.2797793 6.2722905 6.2653785 6.2589941 6.2530931 6.2476352 6.2425842 6.2379069 6.2335734 6.2295562 6.2258304 6.2223733 6.219164 6.2161834 6.2134143 6.2108405 6.2084475 6.2062217 6.2041509 6.2022235 6.2004291 6.198758 6.1972014 6.195751 6.1943992 6.1931389 6.1919638 6.1908678 6.1898452 6.1888911 6.1880005 6.187169 6.1863926 6.1856675 6.18499 6.1843569 6.183765 6.1832117 6.1826942 6.1822099 6.1817568 6.1813325 6.1809351 6.1805628 6.1802137 6.1798864 6.1795792 6.1792907 6.1790198 6.178765 6.1785253 6.1782995 6.1780868 6.1778862 6.1776967
6.3164466 6.3056083 6.2956537 6.2865028 6.2780835 6.2703314 6.2631884 6.2566019 6.2505246 6.2449136 6.2397302 6.234939 6.2305082 6.2264086 6.2226137 6.2190994 6.2158435 6.212826 6.2100283 6.2074337 6.2050266 6.2027929 6.2007194 6.1987943 6.1970065 6.1953458 6.193803 6.1923694 6.1910371 6.1897986 6.1886474 6.187577 6.1865817 6.1856561 6.1847953 6.1839947 6.1832499 6.1825571 6.1819125 6.1813129 6.1807549 6.1802356 6.1797524 6.1793026 6.1788839 6.1784942 6.1781313 6.1777933 6.1774785 6.1771852 6.1769119 6.1766572 6.1764196 6.1761979 6.175991 6.1757978 6.1756172 6.1754484 6.1752904 6.1751423
6.3040827 6.2937919 6.2843459 6.2756685 6.2676913 6.2603527 6.253597 6.2473742 6.2416388 6.2363498 6.23147 6.2269656 6.2228057 6.2189626 6.2154107 6.2121268 6.2090897 6.2062801 6.2036802 6.2012737 6.1990459 6.1969831 6.1950728 6.1933034 6.1916644 6.190146 6.1887393 6.1874361 6.1862286 6.1851099 6.1840734 6.1831132 6.1822238 6.1813999 6.1806368 6.1799302 6.1792759 6.1786702 6.1781095 6.1775907 6.1771107 6.1766667 6.176256 6.1758764 6.1755254 6.1752011 6.1749015 6.1746247 6.1743692 6.1741332 6.1739154 6.1737144 6.173529 6.1733578 6.1731999 6.1730543 6.1729199 6.1727958 6.1726813 6.1725755
6.2909403 6.2812604 6.2723808 6.2642298 6.2567428 6.2498616 6.2435336 6.2377112 6.2323515 6.2274153 6.2228673 6.2186754 6.2148104 6.2112455 6.2079566 6.2049216 6.2021203 6.1995341 6.1971463 6.1949414 6.1929051 6.1910245 6.1892877 6.1876837 6.1862024 6.1848346 6.1835717 6.1824058 6.1813298 6.1803369 6.1794209 6.1785761 6.1777974 6.1770797 6.1764186 6.1758099 6.1752497 6.1747345 6.174261 6.173826 6.1734267 6.1730605 6.1727249 6.1724175 6.1721364 6.1718795 6.171645 6.1714311 6.1712364 6.1710592 6.1708984 6.1707524 6.1706203 6.1705009 6.170393 6.1702959 6.1702086 6.1701302 6.1700601 6.1699974
6.2770549 6.2680458 6.2597875 6.252213 6.2452621 6.2388803 6.2330184 6.2276317 6.2226797 6.2181259 6.2139368 6.2100823 6.2065348 6.2032691 6.2002625 6.1974941 6.1949448 6.1925971 6.1904352 6.1884444 6.1866115 6.184924 6.1833707 6.1819414 6.1806264 6.179417 6.1783052 6.1772836 6.1763453 6.175484 6.1746939 6.1739697 6.1733063 6.1726991 6.172144 6.171637 6.1711745 6.1707531 6.1703696 6.1700213 6.1697054 6.1694194 6.1691611 6.1689283 6.1687189 6.1685313 6.1683636 6.1682143 6.1680819 6.167965 6.1678623 6.1677727 6.1676951 6.1676284 6.1675717 6.167524 6.1674847 6.1674528 6.1674278 6.1674089
6.2624668 6.2541846 6.2465989 6.2396482 6.2332767 6.227434 6.2220745 6.2171567 6.2126431 6.2084996 6.2046952 6.2012016 6.1979933 6.1950468 6.1923408 6.1898558 6.187574 6.1854791 6.1835563 6.1817919 6.1801733 6.1786893 6.1773291 6.1760832 6.1749427 6.1738994 6.1729457 6.1720748 6.1712802 6.1705562 6.1698971 6.1692981 6.1687545 6.1682621 6.1678168 6.1674151 6.1670535 6.1667289 6.1664385 6.1661795 6.1659494 6.165746 6.1655672 6.1654108 6.1652752 6.1651586 6.1650594 6.1649761 6.1649074 6.1648521 6.1648089 6.1647768 6.1647548 6.1647419 6.1647372 6.16474 6.1647494 6.1647649 6.1647857 6.1648112
6.2472205 6.2397171 6.232852 6.226569 6.2208173 6.2155507 6.2107277 6.2063101 6.2022635 6.1985567 6.195161 6.1920507 6.189202 6.1865934 6.1842052 6.1820195 6.1800198 6.1781912 6.1765199 6.1749933 6.1735998 6.1723289 6.1711709 6.1701168 6.1691584 6.1682882 6.1674993 6.1667852 6.16614 6.1655584 6.1650353 6.1645661 6.1641465 6.1637726 6.1634408 6.1631477 6.1628902 6.1626654 6.1624707 6.1623035 6.1621617 6.162043 6.1619456 6.1618677 6.1618075 6.1617636 6.1617344 6.1617186 6.161715 6.1617225 6.16174 6.1617665 6.1618011 6.1618429 6.1618911 6.1619451 6.1620041 6.1620676 6.1621349 6.1622055
6.2313643 6.2246876 6.2185869 6.2130121 6.2079175 6.2032614 6.1990063 6.1951178 6.1915649 6.1883192 6.1853548 6.1826484 6.1801783 6.1779251 6.1758708 6.1739992 6.1722954 6.1707456 6.1693373 6.1680592 6.1669007 6.1658521 6.1649046 6.1640501 6.1632811 6.1625907 6.1619726 6.161421 6.1609306 6.1604963 6.1601137 6.1597785 6.1594868 6.1592352 6.1590202 6.1588389 6.1586883 6.158566 6.1584695 6.1583965 6.1583451 6.1583132 6.1582992 6.1583014 6.1583184 6.1583486 6.1583908 6.1584439 6.1585067 6.1585781 6.1586573 6.1587434 6.1588355 6.1589329 6.1590349 6.1591409 6.1592502 6.1593624 6.1594768 6.1595931
6.2149502 6.2091432 6.203847 6.1990173 6.1946137 6.1905993 6.186941 6.1836082 6.1805733 6.1778111 6.1752987 6.173015 6.1709411 6.1690593 6.1673538 6.16581 6.1644145 6.1631551 6.1620207 6.161001 6.1600865 6.1592686 6.1585394 6.1578917 6.1573187 6.1568143 6.1563728 6.155989 6.1556582 6.1553758 6.1551378 6.1549405 6.1547804 6.1546543 6.1545593 6.1544926 6.1544518 6.1544344 6.1544384 6.1544618 6.1545028 6.1545596 6.1546307 6.1547147 6.1548102 6.1549161 6.1550311 6.1551542 6.1552844 6.1554209 6.1555628 6.1557094 6.1558599 6.1560137 6.1561702 6.1563288 6.1564891 6.1566505 6.1568127 6.1569752
6.1980328 6.1931343 6.1886784 6.1846268 6.1809446 6.1776001 6.1745645 6.1718112 6.1693164 6.167058 6.1650161 6.1631725 6.1615105 6.1600148 6.1586715 6.1574679 6.1563922 6.1554338 6.1545829 6.1538305 6.1531684 6.1525889 6.1520852 6.1516508 6.1512799 6.150967 6.1507073 6.1504962 6.1503293 6.150203 6.1501135 6.1500577 6.1500324 6.150035 6.1500627 6.1501133 6.1501846 6.1502745 6.1503812 6.1505029 6.150638 6.1507852 6.1509431 6.1511103 6.1512858 6.1514685 6.1516574 6.1518517 6.1520504 6.1522529 6.1524584 6.1526663 6.152876 6.1530869 6.1532986 6.1535105 6.1537223 6.1539335 6.1541439 6.154353
6.1806699 6.1767137 6.1731294 6.169885 6.1669513 6.1643015 6.1619114 6.1597588 6.1578235 6.1560869 6.1545322 6.1531439 6.1519079 6.1508113 6.1498422 6.1489898 6.1482442 6.1475962 6.1470376 6.1465606 6.1461582 6.145824 6.1455521 6.1453369 6.1451735 6.1450573 6.144984 6.1449498 6.144951 6.1449844 6.1450469 6.1451357 6.1452482 6.1453822 6.1455353 6.1457055 6.1458911 6.1460903 6.1463015 6.1465233 6.1467543 6.1469934 6.1472393 6.1474911 6.1477478 6.1480085 6.1482724 6.1485388 6.1488069 6.1490763 6.1493461 6.1496161 6.1498856 6.1501543 6.1504217 6.1506874 6.1509512 6.1512128 6.1514718 6.151728
6.1629216 6.1599367 6.157251 6.1548388 6.1526765 6.1507428 6.1490181 6.1474844 6.1461254 6.1449262 6.1438731 6.1429534 6.1421557 6.1414695 6.1408851 6.1403936 6.1399869 6.1396576 6.1393989 6.1392044 6.1390683 6.1389854 6.1389508 6.1389601 6.139009 6.1390938 6.1392111 6.1393576 6.1395304 6.1397268 6.1399442 6.1401805 6.1404335 6.1407012 6.1409818 6.1412738 6.1415756 6.1418859 6.1422033 6.1425267 6.142855 6.1431873 6.1435226 6.1438601 6.144199 6.1445387 6.1448786 6.1452179 6.1455562 6.1458931 6.1462281 6.1465607 6.1468907 6.1472176 6.1475412 6.1478613 6.1481776 6.1484898 6.1487978 6.1491014
6.1448499 6.1428605 6.1410958 6.1395364 6.1381649 6.136965 6.1359221 6.1350227 6.1342543 6.1336055 6.133066 6.1326261 6.1322771 6.1320109 6.13182 6.1316977 6.1316376 6.131634 6.1316816 6.1317756 6.1319114 6.132085 6.1322926 6.1325306 6.132796 6.1330857 6.133397 6.1337275 6.1340749 6.1344371 6.1348121 6.1351982 6.1355938 6.1359974 6.1364075 6.1368231 6.1372428 6.1376656 6.1380907 6.138517 6.1389439 6.1393705 6.1397962 6.1402203 6.1406424 6.141062 6.1414784 6.1418915 6.1423007 6.1427057 6.1431063 6.1435022 6.143893 6.1442787 6.144659 6.1450338 6.1454028 6.1457661 6.1461234 6.1464746
6.1265189 6.125544 6.1247178 6.1240278 6.1234622 6.1230104 6.1226625 6.1224095 6.122243 6.1221552 6.1221391 6.1221881 6.1222962 6.1224578 6.1226676 6.1229211 6.1232138 6.1235417 6.1239011 6.1242885 6.1247008 6.1251351 6.1255888 6.1260593 6.1265445 6.1270422 6.1275505 6.1280677 6.1285922 6.1291225 6.1296573 6.1301952 6.1307353 6.1312764 6.1318177 6.1323582 6.1328972 6.1334339 6.1339677 6.1344981 6.1350245 6.1355463 6.1360633 6.1365749 6.1370809 6.137581 6.1380747 6.1385621 6.1390427 6.1395164 6.139983 6.1404425 6.1408947 6.1413395 6.1417768 6.1422065 6.1426286 6.1430431 6.14345 6.1438491
6.1079942 6.1080474 6.1081727 6.108364 6.1086156 6.1089222 6.1092791 6.1096816 6.1101254 6.1106065 6.1111212 6.111666 6.1122375 6.1128328 6.113449 6.1140835 6.1147338 6.1153976 6.1160729 6.1167576 6.11745 6.1181484 6.1188512 6.1195571 6.1202647 6.1209729 6.1216805 6.1223865 6.1230901 6.1237903 6.1244865 6.1251779 6.125864 6.126544 6.1272176 6.1278843 6.1285436 6.1291952 6.1298387 6.130474 6.1311006 6.1317185 6.1323274 6.1329271 6.1335175 6.1340986 6.1346702 6.1352322 6.1357846 6.1363274 6.1368605 6.1373839 6.1378977 6.1384018 6.1388963 6.1393812 6.1398566 6.1403226 6.1407791 6.1412263
6.0893424 6.0904323 6.091517 6.092597 6.0936727 6.0947445 6.0958124 6.0968763 6.097936 6.0989913 6.1000417 6.1010869 6.1021262 6.1031594 6.1041857 6.1052048 6.106216 6.1072189 6.108213 6.1091977 6.1101727 6.1111375 6.1120918 6.1130351 6.1139671 6.1148875 6.1157961 6.1166925 6.1175766 6.1184481 6.119307 6.120153 6.120986 6.1218059 6.1226128 6.1234064 6.1241868 6.124954 6.1257079 6.1264486 6.1271762 6.1278905 6.1285918 6.1292801 6.1299554 6.1306178 6.1312675 6.1319045 6.132529 6.1331411 6.1337408 6.1343284 6.1349039 6.1354676 6.1360194 6.1365597 6.1370885 6.137606 6.1381123 6.1386076
6.0706311 6.0727607 6.0748077 6.0767793 6.0786821 6.0805218 6.0823034 6.0840315 6.0857097 6.0873417 6.0889303 6.0904782 6.0919877 6.0934608 6.0948994 6.0963051 6.0976791 6.0990229 6.1003375 6.1016239 6.102883 6.1041157 6.1053227 6.1065047 6.1076622 6.108796 6.1099065 6.1109943 6.1120598 6.1131034 6.1141257 6.1151269 6.1161076 6.1170681 6.1180087 6.1189298 6.1198318 6.120715 6.1215797 6.1224262 6.123255 6.1240661 6.1248601 6.1256371 6.1263975 6.1271415 6.1278695 6.1285816 6.1292783 6.1299598 6.1306263 6.1312781 6.1319155 6.1325387 6.133148 6.1337436 6.1343259 6.1348949 6.135451 6.1359944
6.0519284 6.0550951 6.0581022 6.0609637 6.0636922 6.0662987 6.0687934 6.071185 6.0734814 6.0756899 6.0778167 6.0798675 6.0818474 6.0837609 6.0856121 6.0874047 6.089142 6.0908271 6.0924627 6.0940512 6.0955949 6.097096 6.0985561 6.0999772 6.1013608 6.1027083 6.1040211 6.1053006 6.1065478 6.1077638 6.1089498 6.1101066 6.1112352 6.1123364 6.113411 6.1144598 6.1154835 6.1164829 6.1174585 6.1184109 6.1193409 6.120249 6.1211356 6.1220015 6.122847 6.1236726 6.1244789 6.1252662 6.1260351 6.126786 6.1275193 6.1282353 6.1289345 6.1296172 6.1302839 6.1309348 6.1315704 6.132191 6.1327968 6.1333882
6.0333021 6.0374978 6.0414579 6.0452029 6.0487514 6.0521199 6.0553233 6.0583747 6.0612862 6.0640684 6.0667309 6.0692825 6.0717309 6.0740831 6.0763455 6.078524 6.0806236 6.0826491 6.0846049 6.0864949 6.0883226 6.0900915 6.0918044 6.0934642 6.0950734 6.0966343 6.0981492 6.0996201 6.1010488 6.1024371 6.1037866 6.1050987 6.106375 6.1076168 6.1088253 6.1100016 6.1111469 6.1122622 6.1133486 6.1144069 6.115438 6.1164428 6.117422 6.1183765 6.119307 6.1202141 6.1210986 6.121961 6.1228019 6.1236221 6.1244219 6.125202 6.1259629 6.126705 6.1274289 6.1281351 6.1288239 6.1294958 6.1301512 6.1307905
6.0148198 6.0200308 6.0249315 6.0295491 6.0339079 6.0380296 6.0419339 6.0456383 6.0491586 6.052509 6.0557025 6.0587505 6.0616635 6.0644511 6.0671217 6.0696831 6.0721425 6.0745063 6.0767803 6.07897 6.0810802 6.0831154 6.0850797 6.086977 6.0888108 6.0905842 6.0923002 6.0939617 6.0955711 6.0971309 6.0986432 6.1001101 6.1015335 6.1029153 6.1042571 6.1055605 6.1068269 6.1080578 6.1092545 6.1104182 6.1115501 6.1126513 6.1137228 6.1147656 6.1157808 6.116769 6.1177314 6.1186685 6.1195813 6.1204704 6.1213366 6.1221805 6.1230028 6.1238041 6.124585 6.1253461 6.1260879 6.1268109 6.1275157 6.1282028
5.9965478 6.0027548 6.008579 6.0140536 6.0192088 6.0240713 6.0286653 6.0330126 6.0371328 6.0410435 6.0447606 6.0482985 6.0516704 6.0548879 6.057962 6.0609022 6.0637175 6.066416 6.0690051 6.0714915 6.0738815 6.0761807 6.0783943 6.0805271 6.0825835 6.0845677 6.0864833 6.0883339 6.0901228 6.0918528 6.0935268 6.0951474 6.096717 6.0982379 6.0997121 6.1011417 6.1025286 6.1038743 6.1051807 6.1064491 6.1076812 6.1088782 6.1100414 6.1111721 6.1122713 6.1133403 6.1143801 6.1153915 6.1163757 6.1173334 6.1182655 6.1191729 6.1200562 6.1209164 6.1217539 6.1225696 6.1233641 6.124138 6.1248919 6.1256264
5.9785512 5.9857295 5.9924549 5.9987667 6.0047003 6.0102875 6.0155568 6.020534 6.0252423 6.0297026 6.0339338 6.0379531 6.041776 6.0454165 6.0488876 6.0522008 6.0553668 6.0583953 6.0612951 6.0640743 6.0667404 6.0693002 6.07176 6.0741255 6.0764021 6.0785947 6.0807077 6.0827455 6.0847119 6.0866104 6.0884445 6.0902173 6.0919317 6.0935904 6.0951959 6.0967506 6.0982567 6.0997163 6.1011314 6.1025038 6.1038351 6.1051271 6.1063813 6.1075991 6.1087819 6.1099309 6.1110474 6.1121327 6.1131876 6.1142134 6.115211 6.1161813 6.1171253 6.1180438 6.1189376 6.1198076 6.1206543 6.1214787 6.1222813 6.1230629
