map/wksunpaid_idw.tif
NCOLS 432
NROWS 500
XLLCORNER -74.364296
YLLCORNER 40.021223
DX 0.003062074
DY 0.0030667531
NODATA_VALUE -9999
[rows 468 to 493 of 500, columns 120 to 179 of 432]
5.7426955 5.7451297 5.74756 5.7499857 5.7524063 5.7548213 5.7572301 5.7596323 5.7620273 5.7644147 5.7667939 5.7691645 5.7715261 5.7738782 5.7762203 5.7785521 5.7808732 5.7831831 5.7854814 5.7877679 5.7900421 5.7923038 5.7945525 5.7967879 5.7990099 5.8012179 5.8034119 5.8055915 5.8077564 5.8099064 5.8120413 5.8141609 5.816265 5.8183533 5.8204257 5.8224821 5.8245222 5.8265459 5.8285532 5.8305438 5.8325176 5.8344746 5.8364147 5.8383378 5.8402438 5.8421327 5.8440044 5.8458589 5.8476962 5.8495163 5.8513191 5.8531047 5.854873 5.8566241 5.8583581 5.8600749 5.8617747 5.8634574 5.8651232 5.8667721
5.7439016 5.7463035 5.7487015 5.7510953 5.7534842 5.7558678 5.7582455 5.7606169 5.7629814 5.7653385 5.7676879 5.770029 5.7723613 5.7746846 5.7769982 5.7793019 5.7815952 5.7838778 5.7861492 5.7884091 5.7906572 5.7928931 5.7951164 5.7973269 5.7995243 5.8017083 5.8038786 5.8060349 5.8081771 5.8103047 5.8124177 5.8145158 5.8165988 5.8186665 5.8207188 5.8227554 5.8247762 5.8267811 5.8287699 5.8307425 5.8326988 5.8346387 5.8365621 5.8384689 5.8403591 5.8422326 5.8440893 5.8459293 5.8477524 5.8495588 5.8513482 5.8531209 5.8548767 5.8566157 5.858338 5.8600434 5.8617322 5.8634044 5.8650599 5.866699
5.7451012 5.7474712 5.7498377 5.7522001 5.7545579 5.7569106 5.7592578 5.7615989 5.7639334 5.7662609 5.7685809 5.7708929 5.7731966 5.7754915 5.7777772 5.7800532 5.7823193 5.7845749 5.7868198 5.7890535 5.7912758 5.7934863 5.7956847 5.7978707 5.8000439 5.8022042 5.8043511 5.8064845 5.8086041 5.8107097 5.8128011 5.8148779 5.8169401 5.8189874 5.8210197 5.8230368 5.8250385 5.8270247 5.8289953 5.8309501 5.832889 5.8348119 5.8367188 5.8386095 5.840484 5.8423422 5.8441841 5.8460096 5.8478186 5.8496113 5.8513875 5.8531473 5.8548907 5.8566176 5.8583281 5.8600223 5.8617001 5.8633616 5.865007 5.8666361
5.7462943 5.748633 5.7509684 5.7533 5.7556273 5.7579498 5.7602669 5.7625783 5.7648833 5.7671817 5.7694728 5.7717564 5.7740318 5.7762988 5.778557 5.7808058 5.783045 5.7852742 5.7874929 5.789701 5.7918979 5.7940834 5.7962572 5.7984189 5.8005684 5.8027052 5.8048291 5.8069399 5.8090373 5.8111211 5.8131911 5.815247 5.8172886 5.8193158 5.8213284 5.8233262 5.825309 5.8272767 5.8292292 5.8311664 5.8330881 5.8349942 5.8368847 5.8387594 5.8406183 5.8424613 5.8442884 5.8460995 5.8478946 5.8496737 5.8514367 5.8531837 5.8549146 5.8566294 5.8583283 5.8600111 5.861678 5.863329 5.8649641 5.8665833
5.7474807 5.7497888 5.7520937 5.7543951 5.7566925 5.7589852 5.7612728 5.763555 5.7658311 5.7681008 5.7703636 5.7726191 5.7748668 5.7771064 5.7793375 5.7815596 5.7837723 5.7859754 5.7881685 5.7903512 5.7925231 5.794684 5.7968336 5.7989715 5.8010974 5.8032112 5.8053124 5.8074009 5.8094764 5.8115387 5.8135876 5.8156227 5.8176441 5.8196514 5.8216445 5.8236232 5.8255873 5.8275368 5.8294714 5.8313911 5.8332957 5.8351852 5.8370594 5.8389182 5.8407617 5.8425896 5.844402 5.8461988 5.84798 5.8497456 5.8514955 5.8532297 5.8549482 5.8566511 5.8583382 5.8600098 5.8616657 5.8633061 5.864931 5.8665404
5.7486606 5.7509385 5.7532136 5.7554854 5.7577532 5.7600167 5.7622754 5.7645289 5.7667766 5.7690181 5.7712531 5.773481 5.7757015 5.7779141 5.7801185 5.7823143 5.7845011 5.7866785 5.7888463 5.791004 5.7931514 5.795288 5.7974137 5.7995281 5.8016309 5.8037219 5.8058007 5.8078672 5.8099211 5.8119622 5.8139902 5.8160049 5.8180062 5.8199939 5.8219677 5.8239275 5.8258732 5.8278045 5.8297215 5.8316239 5.8335116 5.8353845 5.8372426 5.8390858 5.8409138 5.8427268 5.8445247 5.8463073 5.8480747 5.8498268 5.8515636 5.8532851 5.8549913 5.8566822 5.8583577 5.860018 5.861663 5.8632928 5.8649075 5.8665069
5.7498338 5.7520823 5.754328 5.7565706 5.7588096 5.7610444 5.7632747 5.7654999 5.7677197 5.7699336 5.7721411 5.7743419 5.7765356 5.7787217 5.7808999 5.7830698 5.785231 5.7873833 5.7895261 5.7916593 5.7937824 5.7958952 5.7979973 5.8000885 5.8021686 5.8042371 5.8062939 5.8083387 5.8103712 5.8123913 5.8143988 5.8163933 5.8183748 5.820343 5.8222978 5.8242389 5.8261663 5.8280798 5.8299793 5.8318645 5.8337355 5.8355921 5.8374342 5.8392617 5.8410746 5.8428727 5.8446561 5.8464246 5.8481783 5.849917 5.8516408 5.8533497 5.8550436 5.8567225 5.8583865 5.8600355 5.8616697 5.8632889 5.8648933 5.8664829
5.7510006 5.75322 5.7554369 5.7576509 5.7598615 5.7620682 5.7642705 5.766468 5.7686604 5.770847 5.7730277 5.7752018 5.7773691 5.7795292 5.7816816 5.783826 5.7859621 5.7880895 5.7902078 5.7923167 5.794416 5.7965053 5.7985842 5.8006526 5.8027102 5.8047566 5.8067916 5.808815 5.8108265 5.8128259 5.8148131 5.8167877 5.8187496 5.8206986 5.8226345 5.8245572 5.8264666 5.8283623 5.8302444 5.8321128 5.8339672 5.8358076 5.8376338 5.8394459 5.8412436 5.8430271 5.8447961 5.8465506 5.8482906 5.850016 5.8517269 5.8534232 5.8551049 5.8567719 5.8584243 5.8600622 5.8616854 5.8632941 5.8648882 5.8664679
5.7521607 5.7543517 5.7565404 5.7587262 5.7609089 5.7630879 5.7652628 5.7674331 5.7695985 5.7717584 5.7739126 5.7760605 5.7782019 5.7803363 5.7824634 5.7845827 5.7866941 5.788797 5.7908912 5.7929763 5.7950521 5.7971182 5.7991743 5.8012202 5.8032555 5.8052801 5.8072937 5.809296 5.8112867 5.8132657 5.8152328 5.8171877 5.8191303 5.8210603 5.8229777 5.8248821 5.8267736 5.8286519 5.8305168 5.8323684 5.8342063 5.8360307 5.8378412 5.839638 5.8414208 5.8431896 5.8449443 5.8466849 5.8484114 5.8501236 5.8518216 5.8535054 5.8551748 5.85683 5.858471 5.8600976 5.86171 5.8633081 5.8648921 5.8664618
5.7533144 5.7554774 5.7576382 5.7597965 5.7619518 5.7641036 5.7662515 5.7683951 5.7705339 5.7726676 5.7747958 5.776918 5.7790338 5.781143 5.7832451 5.7853398 5.7874268 5.7895056 5.7915761 5.7936377 5.7956903 5.7977336 5.7997673 5.801791 5.8038045 5.8058076 5.8077999 5.8097814 5.8117517 5.8137105 5.8156578 5.8175933 5.8195168 5.8214281 5.823327 5.8252134 5.8270872 5.8289481 5.8307961 5.8326311 5.8344528 5.8362612 5.8380562 5.8398377 5.8416057 5.84336 5.8451006 5.8468274 5.8485403 5.8502395 5.8519247 5.853596 5.8552533 5.8568967 5.8585262 5.8601417 5.8617432 5.8633309 5.8649046 5.8664645
5.7544614 5.756597 5.7587306 5.7608618 5.7629901 5.7651152 5.7672366 5.7693539 5.7714667 5.7735746 5.7756771 5.777774 5.7798648 5.7819492 5.7840268 5.7860972 5.7881602 5.7902153 5.7922623 5.7943009 5.7963307 5.7983515 5.800363 5.8023648 5.8043568 5.8063387 5.8083102 5.8102711 5.8122211 5.8141601 5.8160878 5.8180041 5.8199087 5.8218015 5.8236823 5.8255509 5.8274072 5.829251 5.8310822 5.8329006 5.8347063 5.8364989 5.8382785 5.840045 5.8417982 5.8435381 5.8452646 5.8469777 5.8486773 5.8503634 5.8520359 5.8536948 5.8553401 5.8569718 5.8585898 5.8601942 5.8617849 5.8633621 5.8649256 5.8664756
5.755602 5.7577106 5.7598174 5.761922 5.7640239 5.7661227 5.7682181 5.7703096 5.7723967 5.7744792 5.7765566 5.7786286 5.7806947 5.7827547 5.7848081 5.7868547 5.788894 5.7909258 5.7929498 5.7949656 5.796973 5.7989716 5.8009612 5.8029416 5.8049123 5.8068733 5.8088242 5.8107648 5.8126949 5.8146143 5.8165227 5.81842 5.820306 5.8221805 5.8240433 5.8258942 5.8277332 5.8295601 5.8313747 5.8331769 5.8349665 5.8367436 5.8385079 5.8402594 5.8419981 5.8437237 5.8454363 5.8471358 5.8488221 5.8504952 5.852155 5.8538016 5.8554349 5.8570549 5.8586615 5.8602548 5.8618348 5.8634015 5.8649549 5.866495
5.756736 5.7588182 5.7608986 5.7629771 5.765053 5.7671261 5.7691959 5.7712619 5.7733239 5.7753814 5.7774341 5.7794816 5.7815234 5.7835594 5.785589 5.7876121 5.7896282 5.7916371 5.7936384 5.7956318 5.797617 5.7995938 5.8015619 5.803521 5.8054708 5.8074112 5.8093417 5.8112624 5.8131728 5.8150728 5.8169622 5.8188407 5.8207083 5.8225647 5.8244098 5.8262433 5.8280652 5.8298753 5.8316734 5.8334595 5.8352334 5.836995 5.8387442 5.8404809 5.842205 5.8439165 5.8456153 5.8473012 5.8489744 5.8506346 5.8522819 5.8539162 5.8555376 5.8571459 5.8587412 5.8603235 5.8618928 5.863449 5.8649923 5.8665225
5.7578636 5.7599197 5.7619743 5.7640271 5.7660775 5.7681252 5.7701698 5.772211 5.7742482 5.7762812 5.7783095 5.7803329 5.7823509 5.7843632 5.7863695 5.7883694 5.7903627 5.7923489 5.7943279 5.7962992 5.7982627 5.800218 5.8021648 5.804103 5.8060322 5.8079522 5.8098627 5.8117636 5.8136546 5.8155355 5.8174061 5.8192661 5.8211155 5.8229541 5.8247816 5.8265979 5.8284029 5.8301964 5.8319783 5.8337484 5.8355066 5.8372529 5.8389871 5.8407092 5.842419 5.8441164 5.8458014 5.847474 5.849134 5.8507814 5.8524162 5.8540384 5.8556478 5.8572446 5.8588286 5.8603999 5.8619585 5.8635043 5.8650375 5.8665579
5.7589847 5.7610152 5.7630445 5.765072 5.7670973 5.7691201 5.77114 5.7731566 5.7751695 5.7771784 5.7791828 5.7811824 5.783177 5.785166 5.7871493 5.7891265 5.7910972 5.7930612 5.7950182 5.7969678 5.7989098 5.8008439 5.8027698 5.8046873 5.8065962 5.8084961 5.8103869 5.8122683 5.8141401 5.8160022 5.8178542 5.819696 5.8215274 5.8233483 5.8251585 5.8269578 5.8287461 5.8305231 5.8322889 5.8340433 5.835786 5.8375172 5.8392365 5.840944 5.8426396 5.8443231 5.8459945 5.8476537 5.8493007 5.8509354 5.8525579 5.8541679 5.8557656 5.8573508 5.8589236 5.860484 5.8620319 5.8635673 5.8650904 5.8666009
5.7600993 5.7621048 5.764109 5.7661117 5.7681124 5.7701108 5.7721064 5.7740988 5.7760878 5.7780729 5.7800538 5.7820302 5.7840016 5.7859678 5.7879284 5.7898832 5.7918318 5.7937738 5.7957091 5.7976373 5.7995582 5.8014714 5.8033767 5.8052739 5.8071627 5.8090429 5.8109142 5.8127764 5.8146293 5.8164727 5.8183063 5.8201301 5.8219438 5.8237473 5.8255403 5.8273228 5.8290945 5.8308554 5.8326052 5.8343439 5.8360714 5.8377875 5.8394921 5.8411852 5.8428667 5.8445364 5.8461943 5.8478403 5.8494744 5.8510965 5.8527066 5.8543046 5.8558905 5.8574643 5.8590259 5.8605754 5.8621126 5.8636378 5.8651507 5.8666515
5.7612075 5.7631883 5.7651681 5.7671464 5.7691229 5.7710972 5.7730689 5.7750376 5.777003 5.7789648 5.7809226 5.782876 5.7848247 5.7867684 5.7887067 5.7906394 5.7925662 5.7944867 5.7964006 5.7983078 5.8002078 5.8021004 5.8039854 5.8058626 5.8077316 5.8095922 5.8114443 5.8132876 5.8151218 5.8169468 5.8187624 5.8205684 5.8223645 5.8241508 5.8259269 5.8276927 5.829448 5.8311928 5.8329269 5.8346502 5.8363625 5.8380637 5.8397538 5.8414326 5.8431 5.8447561 5.8464006 5.8480335 5.8496547 5.8512643 5.8528622 5.8544482 5.8560224 5.8575848 5.8591353 5.8606739 5.8622007 5.8637155 5.8652184 5.8667094
5.7623093 5.7642659 5.7662215 5.7681759 5.7701286 5.7720792 5.7740274 5.7759729 5.7779152 5.779854 5.781789 5.7837198 5.7856462 5.7875677 5.7894841 5.7913951 5.7933004 5.7951996 5.7970926 5.7989789 5.8008584 5.8027308 5.8045958 5.8064531 5.8083027 5.8101441 5.8119772 5.8138017 5.8156175 5.8174244 5.8192221 5.8210105 5.8227894 5.8245586 5.8263179 5.8280673 5.8298065 5.8315354 5.8332539 5.8349619 5.8366592 5.8383457 5.8400213 5.841686 5.8433395 5.844982 5.8466132 5.8482331 5.8498416 5.8514388 5.8530244 5.8545986 5.8561612 5.8577123 5.8592517 5.8607795 5.8622957 5.8638003 5.8652932 5.8667745
5.7634046 5.7653374 5.7672694 5.7692003 5.7711295 5.7730569 5.7749821 5.7769046 5.7788241 5.7807404 5.782653 5.7845616 5.7864659 5.7883657 5.7902605 5.7921501 5.7940343 5.7959126 5.7977848 5.7996507 5.80151 5.8033623 5.8052076 5.8070455 5.8088758 5.8106982 5.8125126 5.8143187 5.8161163 5.8179053 5.8196854 5.8214564 5.8232182 5.8249705 5.8267134 5.8284464 5.8301697 5.8318829 5.833586 5.8352788 5.8369612 5.8386331 5.8402945 5.8419451 5.8435849 5.8452139 5.8468319 5.8484389 5.8500349 5.8516196 5.8531932 5.8547556 5.8563067 5.8578464 5.8593749 5.860892 5.8623977 5.863892 5.865375 5.8668465
5.7644937 5.7664031 5.7683118 5.7702195 5.7721258 5.7740303 5.7759327 5.7778327 5.7797298 5.7816239 5.7835145 5.7854013 5.787284 5.7891622 5.7910358 5.7929044 5.7947677 5.7966254 5.7984772 5.800323 5.8021623 5.803995 5.8058208 5.8076395 5.8094508 5.8112545 5.8130505 5.8148384 5.816618 5.8183893 5.820152 5.8219058 5.8236507 5.8253865 5.827113 5.82883 5.8305374 5.8322351 5.8339229 5.8356007 5.8372684 5.8389259 5.8405731 5.8422098 5.8438361 5.8454517 5.8470566 5.8486508 5.8502342 5.8518068 5.8533683 5.854919 5.8564586 5.8579871 5.8595046 5.861011 5.8625063 5.8639904 5.8654635 5.8669254
5.7655763 5.7674627 5.7693486 5.7712335 5.7731172 5.7749993 5.7768794 5.7787572 5.7806323 5.7825045 5.7843734 5.7862387 5.7881001 5.7899573 5.79181 5.7936578 5.7955006 5.797338 5.7991698 5.8009956 5.8028153 5.8046286 5.8064352 5.808235 5.8100276 5.8118129 5.8135906 5.8153605 5.8171225 5.8188763 5.8206218 5.8223587 5.8240869 5.8258063 5.8275166 5.8292177 5.8309095 5.8325918 5.8342645 5.8359275 5.8375807 5.8392239 5.840857 5.84248 5.8440927 5.8456951 5.8472871 5.8488686 5.8504396 5.8519999 5.8535496 5.8550886 5.8566168 5.8581342 5.8596408 5.8611366 5.8626215 5.8640955 5.8655586 5.8670108
5.7666527 5.7685165 5.7703799 5.7722425 5.7741039 5.7759639 5.777822 5.779678 5.7815315 5.7833822 5.7852298 5.787074 5.7889144 5.7907508 5.7925828 5.7944103 5.7962329 5.7980503 5.7998623 5.8016685 5.8034689 5.8052631 5.8070508 5.8088319 5.810606 5.8123731 5.8141329 5.8158851 5.8176296 5.8193662 5.8210946 5.8228148 5.8245266 5.8262297 5.827924 5.8296094 5.8312858 5.8329529 5.8346107 5.836259 5.8378978 5.8395268 5.8411461 5.8427554 5.8443548 5.8459441 5.8475232 5.8490921 5.8506507 5.852199 5.8537368 5.8552642 5.8567811 5.8582874 5.8597832 5.8612684 5.862743 5.8642069 5.8656601 5.8671028
5.7677228 5.7695644 5.7714056 5.7732463 5.7750858 5.7769241 5.7787606 5.7805952 5.7824274 5.7842569 5.7860835 5.7879069 5.7897267 5.7915426 5.7933544 5.7951618 5.7969644 5.7987621 5.8005546 5.8023416 5.8041229 5.8058982 5.8076673 5.80943 5.811186 5.8129351 5.8146771 5.8164119 5.8181391 5.8198587 5.8215704 5.8232741 5.8249695 5.8266566 5.8283352 5.8300051 5.8316661 5.8333182 5.8349612 5.8365951 5.8382195 5.8398346 5.84144 5.8430359 5.844622 5.8461983 5.8477647 5.8493211 5.8508675 5.8524037 5.8539298 5.8554457 5.8569514 5.8584467 5.8599317 5.8614064 5.8628706 5.8643245 5.865768 5.867201
5.7687866 5.7706063 5.7724259 5.7742449 5.776063 5.7778799 5.7796952 5.7815086 5.7833199 5.7851286 5.7869346 5.7887374 5.7905369 5.7923327 5.7941245 5.7959121 5.7976952 5.7994735 5.8012468 5.8030148 5.8047773 5.806534 5.8082848 5.8100293 5.8117673 5.8134987 5.8152233 5.8169408 5.818651 5.8203538 5.8220489 5.8237363 5.8254156 5.8270869 5.8287499 5.8304044 5.8320504 5.8336876 5.835316 5.8369354 5.8385458 5.840147 5.8417388 5.8433213 5.8448943 5.8464577 5.8480114 5.8495555 5.8510897 5.852614 5.8541285 5.855633 5.8571274 5.8586118 5.8600861 5.8615503 5.8630044 5.8644482 5.8658819 5.8673054
5.7698441 5.7716425 5.7734407 5.7752384 5.7770354 5.7788312 5.7806256 5.7824183 5.784209 5.7859972 5.7877829 5.7895656 5.7913451 5.793121 5.7948932 5.7966613 5.7984251 5.8001843 5.8019387 5.803688 5.8054319 5.8071703 5.808903 5.8106296 5.8123499 5.8140639 5.8157712 5.8174716 5.819165 5.8208512 5.82253 5.8242013 5.8258648 5.8275204 5.8291679 5.8308073 5.8324383 5.8340609 5.8356748 5.83728 5.8388764 5.8404638 5.8420422 5.8436114 5.8451714 5.846722 5.8482633 5.849795 5.8513172 5.8528297 5.8543326 5.8558257 5.8573091 5.8587826 5.8602463 5.8617001 5.863144 5.8645779 5.8660018 5.8674158
5.7708955 5.7726727 5.7744499 5.7762268 5.7780029 5.7797781 5.781552 5.7833243 5.7850946 5.7868628 5.7886284 5.7903913 5.7921511 5.7939075 5.7956603 5.7974092 5.799154 5.8008944 5.8026301 5.804361 5.8060867 5.807807 5.8095218 5.8112308 5.8129337 5.8146304 5.8163207 5.8180043 5.8196811 5.821351 5.8230137 5.824669 5.8263168 5.8279569 5.8295892 5.8312136 5.8328299 5.8344379 5.8360375 5.8376287 5.8392112 5.8407851 5.8423501 5.8439062 5.8454532 5.8469912 5.84852 5.8500396 5.8515498 5.8530506 5.854542 5.8560239 5.8574963 5.858959 5.8604121 5.8618555 5.8632893 5.8647133 5.8661276 5.8675321
